   1.2161524388561717E-003
   8.3499321317170739E-003
   1.0000000000000000E-002
   1.0000000000000000E-002
   1.0000000000000000E-002
   1.0000000000000000E-002
   1.0000000000000000E-002
   1.0000000000000000E-002
   1.0000000000000000E-002
   1.0000000000000000E-002
   1.0000000000000000E-002
   1.0000000000000000E-002
   1.0000000000000000E-002
   1.0000000000000000E-002
   1.0000000000000000E-002
   1.0000000000000000E-002
   1.0000000000000000E-002
   1.0000000000000000E-002
   2.6255519848522590E-004
   1.0000000000000000E-002
   1.0000000000000000E-002
   1.0000000000000000E-002
   1.0000000000000000E-002
   1.0000000000000000E-002
   1.0000000000000000E-002
   1.0000000000000000E-002
   1.0000000000000000E-002
   1.0000000000000000E-002
   1.0000000000000000E-002
   1.0000000000000000E-002
   1.0000000000000000E-002
   1.0000000000000000E-002
   1.0000000000000000E-002
   1.0000000000000000E-002
   1.0000000000000000E-002
   1.0000000000000000E-002
   1.0000000000000000E-002
   1.0000000000000000E-002
   1.0000000000000000E-002
   1.0000000000000000E-002
   1.0000000000000000E-002
   1.0000000000000000E-002
   1.0000000000000000E-002
   1.0000000000000000E-002
   1.0000000000000000E-002
   1.0000000000000000E-002
   1.0000000000000000E-002
   1.0000000000000000E-002
   1.0000000000000000E-002
   1.0000000000000000E-002
   1.0000000000000000E-002
   1.0000000000000000E-002
   1.0000000000000000E-002
   1.0000000000000000E-002
   1.0000000000000000E-002
   1.0000000000000000E-002
   1.0000000000000000E-002
   5.3324476973709047E-004
   1.0000000000000000E-002
   1.0000000000000000E-002
   1.0000000000000000E-002
   1.0000000000000000E-002
   1.0000000000000000E-002
   1.0000000000000000E-002
   2.3232640692824082E-004
   1.0000000000000000E-002
   1.0000000000000000E-002
   1.0000000000000000E-002
   8.6872953769442894E-003
   1.0000000000000000E-002
   1.0000000000000000E-002
   3.7653002601637300E-003
   1.0000000000000000E-002
   1.0000000000000000E-002
   1.0000000000000000E-002
   1.0000000000000000E-002
   1.0000000000000000E-002
   9.5317819169014883E-005
   1.0000000000000000E-002
   1.0000000000000000E-002
   1.0000000000000000E-002
   1.0000000000000000E-002
   1.0000000000000000E-002
   1.0000000000000000E-002
   1.0000000000000000E-002
   1.0000000000000000E-002
   1.0000000000000000E-002
   1.0000000000000000E-002
   1.0000000000000000E-002
   1.0000000000000000E-002
   1.0000000000000000E-002
   1.0000000000000000E-002
   1.0000000000000000E-002
   1.0000000000000000E-002
   1.0000000000000000E-002
   1.0000000000000000E-002
   1.0000000000000000E-002
   1.0000000000000000E-002
   1.0000000000000000E-002
   1.0000000000000000E-002
   1.0000000000000000E-002
   1.0000000000000000E-002
   1.0000000000000000E-002
   1.0000000000000000E-002
   1.0000000000000000E-002
   1.0000000000000000E-002
   1.0000000000000000E-002
   1.0000000000000000E-002
   1.0000000000000000E-002
   1.0000000000000000E-002
   1.0000000000000000E-002
   1.0000000000000000E-002
   1.0000000000000000E-002
   1.0000000000000000E-002
   1.0000000000000000E-002
   1.0000000000000000E-002
   1.0000000000000000E-002
   1.0000000000000000E-002
   1.0000000000000000E-002
   1.0000000000000000E-002
   1.0000000000000000E-002
   1.0000000000000000E-002
   1.0000000000000000E-002
   1.0000000000000000E-002
   1.0000000000000000E-002
   1.0000000000000000E-002
   1.0000000000000000E-002
   1.0000000000000000E-002
   1.0000000000000000E-002
   1.0000000000000000E-002
   1.0000000000000000E-002
   1.0000000000000000E-002
   1.0000000000000000E-002
   1.0000000000000000E-002
   1.0000000000000000E-002
   1.0000000000000000E-002
   1.0000000000000000E-002
   1.0000000000000000E-002
   1.0000000000000000E-002
   1.0000000000000000E-002
   1.0000000000000000E-002
   1.0000000000000000E-002
   1.0000000000000000E-002
   1.0000000000000000E-002
   1.0000000000000000E-002
   1.0000000000000000E-002
   1.0000000000000000E-002
   1.0000000000000000E-002
   1.0000000000000000E-002
   1.0000000000000000E-002
   1.0000000000000000E-002
   1.0000000000000000E-002
   1.0000000000000000E-002
   1.0000000000000000E-002
   1.0000000000000000E-002
   1.0000000000000000E-002
   1.0000000000000000E-002
   1.0000000000000000E-002
   1.0000000000000000E-002
   1.0000000000000000E-002
   1.0000000000000000E-002
   1.0000000000000000E-002
   1.0000000000000000E-002
   1.0000000000000000E-002
   1.0000000000000000E-002
   1.0000000000000000E-002
   1.0000000000000000E-002
   1.0000000000000000E-002
   1.0000000000000000E-002
   1.0000000000000000E-002
   1.0000000000000000E-002
   1.0000000000000000E-002
   1.0000000000000000E-002
   1.0000000000000000E-002
   1.0000000000000000E-002
   1.0000000000000000E-002
   1.0000000000000000E-002
   1.0000000000000000E-002
   1.0000000000000000E-002
   1.0000000000000000E-002
   1.0000000000000000E-002
   1.0000000000000000E-002
   9.7444906475197910E-003
   1.0000000000000000E-002
   1.0000000000000000E-002
   1.0000000000000000E-002
   1.0000000000000000E-002
   1.0000000000000000E-002
   1.0000000000000000E-002
   1.0000000000000000E-002
   1.0000000000000000E-002
   1.0000000000000000E-002
   2.9214937418932559E-003
   1.0000000000000000E-002
   1.0000000000000000E-002
   1.0000000000000000E-002
   1.0000000000000000E-002
   9.8586536376001361E-003
   1.0000000000000000E-002
   1.0000000000000000E-002
   1.0000000000000000E-002
   1.0000000000000000E-002
   1.0000000000000000E-002
   1.0000000000000000E-002
   1.0000000000000000E-002
   1.0000000000000000E-002
   1.0000000000000000E-002
   1.0000000000000000E-002
   1.0000000000000000E-002
   1.0000000000000000E-002
   1.0000000000000000E-002
   1.0000000000000000E-002
   1.0000000000000000E-002
   1.0000000000000000E-002
   1.0000000000000000E-002
   1.0000000000000000E-002
   1.0000000000000000E-002
   1.0000000000000000E-002
   1.0000000000000000E-002
   1.0000000000000000E-002
   1.0000000000000000E-002
   1.0000000000000000E-002
   1.0000000000000000E-002
   1.0000000000000000E-002
   1.0000000000000000E-002
   1.0000000000000000E-002
   1.0000000000000000E-002
   1.0000000000000000E-002
   1.0000000000000000E-002
   1.5150724121020497E-004
   1.0000000000000000E-002
   1.0000000000000000E-002
   1.0000000000000000E-002
   1.0000000000000000E-002
   1.0000000000000000E-002
   1.0000000000000000E-002
   1.0000000000000000E-002
   1.0000000000000000E-002
   1.0000000000000000E-002
   1.0000000000000000E-002
   1.0000000000000000E-002
   1.0000000000000000E-002
   1.0000000000000000E-002
   1.0000000000000000E-002
   1.0000000000000000E-002
   1.0000000000000000E-002
   1.0000000000000000E-002
   1.0000000000000000E-002
   1.0000000000000000E-002
   1.0000000000000000E-002
   1.0000000000000000E-002
   1.0000000000000000E-002
   1.0000000000000000E-002
   1.0000000000000000E-002
   1.0000000000000000E-002
   1.0000000000000000E-002
   1.0000000000000000E-002
   1.9756542993118985E-004
   1.0000000000000000E-002
   1.0000000000000000E-002
   1.0000000000000000E-002
   1.0000000000000000E-002
   1.0000000000000000E-002
   1.0000000000000000E-002
   1.0000000000000000E-002
   1.0000000000000000E-002
   1.0000000000000000E-002
   1.0000000000000000E-002
   1.0000000000000000E-002
   1.0000000000000000E-002
   1.0000000000000000E-002
   1.0000000000000000E-002
   1.0000000000000000E-002
   1.0000000000000000E-002
   1.0000000000000000E-002
   1.0000000000000000E-002
   1.0000000000000000E-002
   1.0000000000000000E-002
   1.0000000000000000E-002
   1.0000000000000000E-002
   2.0495317094018292E-004
   1.0000000000000000E-002
   1.0000000000000000E-002
   1.0000000000000000E-002
   1.0000000000000000E-002
   1.0000000000000000E-002
   1.0000000000000000E-002
   1.0000000000000000E-002
   1.0000000000000000E-002
   1.0000000000000000E-002
   1.0000000000000000E-002
   1.0000000000000000E-002
   1.0000000000000000E-002
   1.0000000000000000E-002
   1.0000000000000000E-002
   1.0000000000000000E-002
   1.0000000000000000E-002
   1.0000000000000000E-002
   1.0000000000000000E-002
   1.0000000000000000E-002
   1.0000000000000000E-002
   1.0000000000000000E-002
   1.0000000000000000E-002
   1.0000000000000000E-002
   1.0000000000000000E-002
   1.0000000000000000E-002
   1.0000000000000000E-002
   1.0000000000000000E-002
   1.0000000000000000E-002
   1.0000000000000000E-002
   1.0000000000000000E-002
   1.0000000000000000E-002
   1.0000000000000000E-002
   1.0000000000000000E-002
   1.0000000000000000E-002
   1.6112897762089740E-004
   1.0000000000000000E-002
   1.0000000000000000E-002
   1.0000000000000000E-002
   1.0000000000000000E-002
   1.0000000000000000E-002
   1.0000000000000000E-002
   8.8045085219844357E-003
   1.0000000000000000E-002
   1.0000000000000000E-002
   1.0000000000000000E-002
   1.0000000000000000E-002
   2.4843116717930547E-004
   1.0000000000000000E-002
   1.0000000000000000E-002
   1.0000000000000000E-002
   1.0000000000000000E-002
   1.0000000000000000E-002
   1.0000000000000000E-002
   1.0000000000000000E-002
   1.0000000000000000E-002
   1.0000000000000000E-002
   1.0000000000000000E-002
   1.0000000000000000E-002
   1.0000000000000000E-002
   1.0000000000000000E-002
   1.0000000000000000E-002
   1.0000000000000000E-002
   1.0000000000000000E-002
   1.0000000000000000E-002
   1.0000000000000000E-002
   1.0000000000000000E-002
   1.0000000000000000E-002
   1.0000000000000000E-002
   1.0000000000000000E-002
   1.0000000000000000E-002
   1.0000000000000000E-002
   1.0000000000000000E-002
   1.0000000000000000E-002
   1.0000000000000000E-002
   1.0000000000000000E-002
   1.0000000000000000E-002
   1.0000000000000000E-002
   1.0000000000000000E-002
   1.0000000000000000E-002
   1.0000000000000000E-002
   1.0000000000000000E-002
   1.0000000000000000E-002
   1.0000000000000000E-002
   1.0000000000000000E-002
   1.0000000000000000E-002
   1.0000000000000000E-002
   1.0000000000000000E-002
   1.0000000000000000E-002
   1.0000000000000000E-002
   1.0000000000000000E-002
   1.0000000000000000E-002
   1.5982731663733221E-004
   1.0000000000000000E-002
   1.0000000000000000E-002
   1.0000000000000000E-002
   1.0000000000000000E-002
   1.0000000000000000E-002
   1.0000000000000000E-002
   1.0000000000000000E-002
   1.0000000000000000E-002
   1.0000000000000000E-002
   1.0000000000000000E-002
   1.0000000000000000E-002
   1.0000000000000000E-002
   1.0000000000000000E-002
   1.0000000000000000E-002
   1.0000000000000000E-002
   1.0000000000000000E-002
   1.0000000000000000E-002
   1.0000000000000000E-002
   1.0000000000000000E-002
   1.0000000000000000E-002
   1.0000000000000000E-002
   1.0000000000000000E-002
   1.0000000000000000E-002
   1.0000000000000000E-002
   1.0000000000000000E-002
   1.0000000000000000E-002
   1.0000000000000000E-002
   1.0000000000000000E-002
   1.0000000000000000E-002
   1.0000000000000000E-002
   1.0000000000000000E-002
   1.0000000000000000E-002
   1.0000000000000000E-002
   1.0000000000000000E-002
   3.5199088529178071E-003
   7.2962822564198726E-003
   1.0000000000000000E-002
   1.0000000000000000E-002
   1.0000000000000000E-002
   1.0000000000000000E-002
   1.0000000000000000E-002
   1.0000000000000000E-002
   1.0000000000000000E-002
   1.0000000000000000E-002
   1.0000000000000000E-002
   1.0000000000000000E-002
   1.0000000000000000E-002
   1.0000000000000000E-002
   1.0000000000000000E-002
   1.0000000000000000E-002
   1.0000000000000000E-002
   1.0000000000000000E-002
   1.0000000000000000E-002
   1.0000000000000000E-002
   1.0000000000000000E-002
   1.0000000000000000E-002
   1.0000000000000000E-002
   1.0000000000000000E-002
   1.0000000000000000E-002
   1.0000000000000000E-002
   1.0000000000000000E-002
   1.0000000000000000E-002
   1.0000000000000000E-002
   1.0000000000000000E-002
   1.0000000000000000E-002
   1.0000000000000000E-002
   1.0000000000000000E-002
   1.0000000000000000E-002
   1.0000000000000000E-002
   1.0000000000000000E-002
   7.9555836959105675E-003
   1.0000000000000000E-002
   1.0000000000000000E-002
   1.0000000000000000E-002
   1.0000000000000000E-002
   1.0000000000000000E-002
   1.0000000000000000E-002
   1.0000000000000000E-002
   1.0000000000000000E-002
   1.0000000000000000E-002
   1.0000000000000000E-002
   1.0000000000000000E-002
   1.0000000000000000E-002
   1.0000000000000000E-002
   1.0000000000000000E-002
   1.0000000000000000E-002
   1.0000000000000000E-002
   1.0000000000000000E-002
   1.0000000000000000E-002
   1.0000000000000000E-002
   1.0000000000000000E-002
   1.0000000000000000E-002
   1.0000000000000000E-002
   1.0000000000000000E-002
   1.0000000000000000E-002
   1.0000000000000000E-002
   1.0000000000000000E-002
   1.0000000000000000E-002
   1.0000000000000000E-002
   5.2650711426838808E-003
   1.0000000000000000E-002
   1.0000000000000000E-002
   1.0000000000000000E-002
   1.0000000000000000E-002
   1.0000000000000000E-002
   1.0000000000000000E-002
   1.0000000000000000E-002
   1.0000000000000000E-002
   1.0000000000000000E-002
   1.0000000000000000E-002
   1.0000000000000000E-002
   1.0000000000000000E-002
   4.1339588356715772E-003
   1.0000000000000000E-002
   1.0000000000000000E-002
   1.0000000000000000E-002
   1.0000000000000000E-002
   1.0000000000000000E-002
   1.0000000000000000E-002
   1.0000000000000000E-002
   1.0000000000000000E-002
   1.0000000000000000E-002
   1.0000000000000000E-002
   1.0000000000000000E-002
   1.0000000000000000E-002
   1.0000000000000000E-002
   1.0000000000000000E-002
   1.0000000000000000E-002
   1.0000000000000000E-002
   1.0000000000000000E-002
   1.0000000000000000E-002
   1.0000000000000000E-002
   1.0000000000000000E-002
   6.6586493408732871E-004
   6.3583919791907213E-003
   1.0000000000000000E-002
   1.0000000000000000E-002
   1.0000000000000000E-002
   1.0000000000000000E-002
   1.0000000000000000E-002
   1.0000000000000000E-002
   1.0000000000000000E-002
   1.0000000000000000E-002
   1.0000000000000000E-002
   1.0000000000000000E-002
   1.0000000000000000E-002
   1.0000000000000000E-002
   1.0000000000000000E-002
   1.0000000000000000E-002
   1.0000000000000000E-002
   1.0000000000000000E-002
   1.0000000000000000E-002
   1.0000000000000000E-002
   1.0000000000000000E-002
   1.0000000000000000E-002
   1.0000000000000000E-002
   1.0000000000000000E-002
   1.0000000000000000E-002
   1.0000000000000000E-002
   1.0000000000000000E-002
   1.0000000000000000E-002
   1.0000000000000000E-002
   1.0000000000000000E-002
   1.0000000000000000E-002
   1.0000000000000000E-002
   1.0000000000000000E-002
   1.0000000000000000E-002
   1.0000000000000000E-002
   1.0000000000000000E-002
   1.0000000000000000E-002
   1.0000000000000000E-002
   1.0000000000000000E-002
   1.0000000000000000E-002
   1.0000000000000000E-002
   1.0000000000000000E-002
   1.0000000000000000E-002
   1.0000000000000000E-002
   1.0000000000000000E-002
   1.0000000000000000E-002
   1.0000000000000000E-002
   1.0000000000000000E-002
   1.0000000000000000E-002
   1.0000000000000000E-002
   1.0000000000000000E-002
   1.0000000000000000E-002
   1.0000000000000000E-002
   1.0000000000000000E-002
   1.0000000000000000E-002
   1.0000000000000000E-002
   1.0000000000000000E-002
   1.0000000000000000E-002
   1.0000000000000000E-002
   1.0000000000000000E-002
   1.0000000000000000E-002
   1.0000000000000000E-002
   1.0000000000000000E-002
   1.0000000000000000E-002
   1.0000000000000000E-002
   1.0000000000000000E-002
   1.0000000000000000E-002
   1.0000000000000000E-002
   1.0000000000000000E-002
   1.0000000000000000E-002
   1.0000000000000000E-002
   5.4441905824339524E-003
   1.0000000000000000E-002
   1.0000000000000000E-002
   1.0000000000000000E-002
   1.0000000000000000E-002
   1.0000000000000000E-002
   1.0000000000000000E-002
   1.0000000000000000E-002
   1.0000000000000000E-002
   1.0000000000000000E-002
   1.0000000000000000E-002
   1.0000000000000000E-002
   1.0000000000000000E-002
   1.0000000000000000E-002
   1.0000000000000000E-002
   1.0000000000000000E-002
   1.0000000000000000E-002
   1.0000000000000000E-002
   1.0000000000000000E-002
   1.0000000000000000E-002
   1.0000000000000000E-002
   1.0000000000000000E-002
   1.0000000000000000E-002
   1.0000000000000000E-002
   1.0000000000000000E-002
   1.0000000000000000E-002
   1.0000000000000000E-002
   1.0000000000000000E-002
   1.0000000000000000E-002
   1.0000000000000000E-002
   1.0000000000000000E-002
   1.0000000000000000E-002
   1.0000000000000000E-002
   1.0000000000000000E-002
   1.0000000000000000E-002
   1.0000000000000000E-002
   1.0000000000000000E-002
   1.0000000000000000E-002
   1.0000000000000000E-002
   1.0000000000000000E-002
   1.0000000000000000E-002
   1.0000000000000000E-002
   1.0000000000000000E-002
   1.0000000000000000E-002
   1.0000000000000000E-002
   1.0000000000000000E-002
   1.0000000000000000E-002
   1.0000000000000000E-002
   1.0000000000000000E-002
   1.0000000000000000E-002
   1.0000000000000000E-002
   1.0000000000000000E-002
   1.0000000000000000E-002
   1.0000000000000000E-002
   1.0000000000000000E-002
   1.0000000000000000E-002
   1.0000000000000000E-002
   1.0000000000000000E-002
   1.0000000000000000E-002
   1.0000000000000000E-002
   1.0000000000000000E-002
   1.0000000000000000E-002
   1.0000000000000000E-002
   1.0000000000000000E-002
   1.0000000000000000E-002
   1.0000000000000000E-002
   1.0000000000000000E-002
   1.0000000000000000E-002
   1.0000000000000000E-002
   1.0000000000000000E-002
   1.0000000000000000E-002
   1.0000000000000000E-002
   1.0000000000000000E-002
   1.0000000000000000E-002
   1.0000000000000000E-002
   1.0000000000000000E-002
   1.0000000000000000E-002
   1.0000000000000000E-002
   1.0000000000000000E-002
   1.0000000000000000E-002
   1.0000000000000000E-002
   1.0000000000000000E-002
   1.0000000000000000E-002
   1.0000000000000000E-002
   1.0000000000000000E-002
   1.0000000000000000E-002
   1.0000000000000000E-002
   4.3510488640388107E-003
   1.0000000000000000E-002
   1.0000000000000000E-002
   1.0000000000000000E-002
   1.0000000000000000E-002
   1.0000000000000000E-002
   1.0000000000000000E-002
   1.0000000000000000E-002
   1.0000000000000000E-002
   1.0000000000000000E-002
   1.0000000000000000E-002
   1.0000000000000000E-002
   1.0000000000000000E-002
   1.0000000000000000E-002
   1.0000000000000000E-002
   1.0000000000000000E-002
   1.0000000000000000E-002
   1.0000000000000000E-002
   1.0000000000000000E-002
   1.0000000000000000E-002
   1.0000000000000000E-002
   1.0000000000000000E-002
   1.0000000000000000E-002
   1.0000000000000000E-002
   1.0000000000000000E-002
   1.0000000000000000E-002
   1.0000000000000000E-002
   1.0000000000000000E-002
   1.0000000000000000E-002
   1.0000000000000000E-002
   1.0000000000000000E-002
   1.0000000000000000E-002
   1.0000000000000000E-002
   1.0000000000000000E-002
   1.0000000000000000E-002
   1.0000000000000000E-002
   1.0000000000000000E-002
   1.0000000000000000E-002
   1.0000000000000000E-002
   1.0000000000000000E-002
   1.0000000000000000E-002
   1.0000000000000000E-002
   1.0000000000000000E-002
   1.0000000000000000E-002
   1.0000000000000000E-002
   1.0000000000000000E-002
   1.0000000000000000E-002
   1.0000000000000000E-002
   1.0000000000000000E-002
   1.0000000000000000E-002
   1.0000000000000000E-002
   1.0000000000000000E-002
   1.0000000000000000E-002
   1.0000000000000000E-002
   1.0000000000000000E-002
   1.0000000000000000E-002
   1.0000000000000000E-002
   1.0000000000000000E-002
   1.0000000000000000E-002
   4.7558238874375637E-004
   1.0000000000000000E-002
   1.0000000000000000E-002
   1.0000000000000000E-002
   1.0000000000000000E-002
   1.0000000000000000E-002
   1.0000000000000000E-002
   1.0000000000000000E-002
   1.0000000000000000E-002
   1.0000000000000000E-002
   1.0000000000000000E-002
   1.0000000000000000E-002
   1.0000000000000000E-002
   1.0000000000000000E-002
   2.5551211625707611E-003
   4.4318359126989219E-004
   1.0000000000000000E-002
   1.0000000000000000E-002
   1.0000000000000000E-002
   1.0000000000000000E-002
   1.0000000000000000E-002
   1.0000000000000000E-002
   1.0000000000000000E-002
   1.0000000000000000E-002
   1.0060471835636482E-003
   1.0000000000000000E-002
   1.0000000000000000E-002
   1.8493854995981461E-004
   1.0000000000000000E-002
   1.0000000000000000E-002
   1.0000000000000000E-002
   1.0000000000000000E-002
   1.0000000000000000E-002
   1.0000000000000000E-002
   1.0000000000000000E-002
   1.0000000000000000E-002
   5.3306226406044620E-004
   1.0000000000000000E-002
   1.0000000000000000E-002
   1.0000000000000000E-002
   1.0000000000000000E-002
   1.0000000000000000E-002
   2.5547330313237266E-003
   1.0000000000000000E-002
   1.0000000000000000E-002
   1.0000000000000000E-002
   1.0000000000000000E-002
   1.0000000000000000E-002
   1.0000000000000000E-002
   1.0000000000000000E-002
   1.0000000000000000E-002
   1.0000000000000000E-002
   1.0000000000000000E-002
   1.0000000000000000E-002
   1.0000000000000000E-002
   1.0000000000000000E-002
   1.0000000000000000E-002
   1.0000000000000000E-002
   1.0000000000000000E-002
   1.0000000000000000E-002
   1.0000000000000000E-002
   1.0000000000000000E-002
   1.0000000000000000E-002
   1.0000000000000000E-002
   1.0000000000000000E-002
   1.0000000000000000E-002
   1.0000000000000000E-002
   5.8258585091402453E-003
   1.0000000000000000E-002
   1.0000000000000000E-002
   1.0000000000000000E-002
   1.0000000000000000E-002
   1.0000000000000000E-002
   1.0000000000000000E-002
   1.0000000000000000E-002
   1.0000000000000000E-002
   1.0000000000000000E-002
   1.0000000000000000E-002
   1.0000000000000000E-002
   1.0000000000000000E-002
   1.0000000000000000E-002
   1.0000000000000000E-002
   1.0000000000000000E-002
   1.0000000000000000E-002
   1.0000000000000000E-002
   1.0000000000000000E-002
   1.0000000000000000E-002
   1.0000000000000000E-002
   1.0000000000000000E-002
   1.0000000000000000E-002
   1.0000000000000000E-002
   1.0000000000000000E-002
   1.0000000000000000E-002
   1.0000000000000000E-002
   1.0000000000000000E-002
   1.0000000000000000E-002
   1.0000000000000000E-002
   1.0000000000000000E-002
   1.0000000000000000E-002
   1.0000000000000000E-002
   1.0000000000000000E-002
   1.0000000000000000E-002
   1.0000000000000000E-002
   1.0000000000000000E-002
   1.0000000000000000E-002
   1.0000000000000000E-002
   1.0000000000000000E-002
   1.0000000000000000E-002
   1.0000000000000000E-002
   1.0000000000000000E-002
   1.0000000000000000E-002
   1.0000000000000000E-002
   1.0000000000000000E-002
   1.0000000000000000E-002
   1.0000000000000000E-002
   1.0000000000000000E-002
   1.0000000000000000E-002
   1.0000000000000000E-002
   1.0000000000000000E-002
   1.0000000000000000E-002
   1.0000000000000000E-002
   1.0000000000000000E-002
   1.0000000000000000E-002
   1.0000000000000000E-002
   1.0000000000000000E-002
   1.0000000000000000E-002
   1.0000000000000000E-002
   1.0000000000000000E-002
   1.0000000000000000E-002
   1.0000000000000000E-002
   1.0000000000000000E-002
   1.0000000000000000E-002
   9.6670839855369246E-003
   1.0000000000000000E-002
   1.0000000000000000E-002
   1.0000000000000000E-002
   1.0000000000000000E-002
   1.0000000000000000E-002
   1.0000000000000000E-002
   1.0000000000000000E-002
   1.0000000000000000E-002
   1.0000000000000000E-002
   1.0000000000000000E-002
   1.0000000000000000E-002
   1.0000000000000000E-002
   1.0000000000000000E-002
   2.3793873924375306E-004
   1.0000000000000000E-002
   1.0000000000000000E-002
   1.0000000000000000E-002
   1.0000000000000000E-002
   1.0000000000000000E-002
   1.0000000000000000E-002
   1.0000000000000000E-002
   1.0000000000000000E-002
   1.0000000000000000E-002
   1.0000000000000000E-002
   1.0000000000000000E-002
   1.0000000000000000E-002
   1.0000000000000000E-002
   7.8598443173379245E-003
   1.0000000000000000E-002
   1.0000000000000000E-002
   1.0000000000000000E-002
   1.0000000000000000E-002
   1.0000000000000000E-002
   1.0000000000000000E-002
   1.0000000000000000E-002
   1.0000000000000000E-002
   1.0000000000000000E-002
   1.0000000000000000E-002
   1.0000000000000000E-002
   1.0000000000000000E-002
   1.5279078551103803E-004
   1.0000000000000000E-002
   1.0000000000000000E-002
   1.0000000000000000E-002
   1.0000000000000000E-002
   1.0000000000000000E-002
   1.0000000000000000E-002
   1.0000000000000000E-002
   1.0000000000000000E-002
   1.0000000000000000E-002
   1.0000000000000000E-002
   2.1744243470230365E-004
   1.0000000000000000E-002
   1.0000000000000000E-002
   1.0000000000000000E-002
   1.0000000000000000E-002
   1.0000000000000000E-002
   1.0000000000000000E-002
   1.0000000000000000E-002
   1.0000000000000000E-002
   1.0000000000000000E-002
   1.0000000000000000E-002
   1.0000000000000000E-002
   1.0000000000000000E-002
   1.0000000000000000E-002
   1.0000000000000000E-002
   4.0527703723130335E-003
   1.0000000000000000E-002
   1.0000000000000000E-002
   1.0000000000000000E-002
   1.0000000000000000E-002
   1.0000000000000000E-002
   1.0000000000000000E-002
   1.0000000000000000E-002
   1.0000000000000000E-002
   1.0000000000000000E-002
   1.0000000000000000E-002
   1.0000000000000000E-002
   4.4810842726347470E-003
   1.0000000000000000E-002
   1.0000000000000000E-002
   1.0000000000000000E-002
   1.0000000000000000E-002
   1.0000000000000000E-002
   1.0000000000000000E-002
   1.0000000000000000E-002
   1.0000000000000000E-002
   1.0000000000000000E-002
   1.0000000000000000E-002
   1.0000000000000000E-002
   1.0000000000000000E-002
   1.0000000000000000E-002
   1.0000000000000000E-002
   1.0000000000000000E-002
   1.9027777229362920E-004
   1.0000000000000000E-002
   1.0000000000000000E-002
   1.0000000000000000E-002
   1.0000000000000000E-002
   1.0000000000000000E-002
   1.0000000000000000E-002
   1.0000000000000000E-002
   1.0000000000000000E-002
   1.0000000000000000E-002
   1.0000000000000000E-002
   1.0000000000000000E-002
   1.0000000000000000E-002
   1.0000000000000000E-002
   1.0000000000000000E-002
   1.0000000000000000E-002
   1.0000000000000000E-002
   1.0000000000000000E-002
   1.0000000000000000E-002
   1.0000000000000000E-002
   2.0896752344390368E-003
   1.0000000000000000E-002
   1.0000000000000000E-002
   1.0000000000000000E-002
   1.0000000000000000E-002
   1.0000000000000000E-002
   1.0000000000000000E-002
   1.0000000000000000E-002
   1.0000000000000000E-002
   1.0000000000000000E-002
   1.0000000000000000E-002
   1.0000000000000000E-002
   1.0000000000000000E-002
   1.0000000000000000E-002
   1.0000000000000000E-002
   1.0000000000000000E-002
   1.0000000000000000E-002
   1.0000000000000000E-002
   1.0000000000000000E-002
   1.0000000000000000E-002
   1.0000000000000000E-002
   1.0000000000000000E-002
   1.0000000000000000E-002
   1.0000000000000000E-002
   1.0000000000000000E-002
   1.0000000000000000E-002
   1.0000000000000000E-002
   3.0168121026104104E-003
   1.0000000000000000E-002
   1.0000000000000000E-002
